{
	"asset": {
		"generator": "SOLIDWORKSGLTF",
		"version" : "2.0"
	},
"extensionsUsed": [ "KHR_lights_punctual", "Solidworks_custom_properties", "KHR_draco_mesh_compression"],
"extensionsRequired": [ "KHR_draco_mesh_compression" ],
	"scene" : 1,
	"scenes": [
		{
			"name": "Default - <Default>_Display State 1",
			"nodes": [
				0, 1]
		}
		,
		{
			"name": "Default - Display State-1",
			"nodes": [
				0, 164]
		}
		,
		{
			"name": "Section View - Display State-1",
			"nodes": [
				0, 327]
		}
		,
		{
			"name": "Section View - <Default>_Display State 1",
			"nodes": [
				0, 490]
		}
	],
	"nodes": [
		{
			"matrix": [
				-0.592124,					-0.794791,					0.133028,					0,
				-0.128352,					0.255988,					0.958121,					0,
				-0.795559,					0.550252,					-0.25359,					0,
				-28.3901,					21.4491,					-9.22563,					1
			]
			,"camera": 0
			,"name": "current"		}
,
		{
			"children": [
				2, 3, 4, 5, 6, 7, 8, 9, 10, 11, 12, 13, 14, 89, 90, 91, 92, 93, 94, 95, 96, 97, 98, 99, 100, 101, 102, 103, 104, 105, 106, 107, 108, 109, 110, 111, 112, 113, 114, 115, 116, 117, 118, 119, 120, 121, 122, 123, 124, 125, 126, 127, 128, 134, 135, 136, 157, 158, 159, 160, 161, 162, 163
			]
			,"name": "Rocket Assembly v3"		}
,
		{
			"matrix": [
				0.707107,					1.16573e-15,					0.707107,					0,
				-8.7981e-16,					1,					-7.68787e-16,					0,
				-0.707107,					-7.85046e-17,					0.707107,					0,
				-0.0535852,					0.38735,					0.0535852,					1
			]
			,"mesh": 0
			,"name": "1[4-20 Button Head-6"		}
,
		{
			"matrix": [
				0.624316,					-0.469531,					-0.624316,					0,
				-0.332009,					-0.882916,					0.332009,					0,
				-0.707107,					0,					-0.707107,					0,
				-0.0535852,					0.0127,					-0.0535852,					1
			]
			,"mesh": 1
			,"name": "1[4-20 Button Head-9"		}
,
		{
			"matrix": [
				0.642723,					0.416909,					-0.642723,					0,
				-0.294799,					0.908948,					0.294799,					0,
				0.707107,					-3.38369e-18,					0.707107,					0,
				0.0535852,					1.56845,					0.0535852,					1
			]
			,"mesh": 2
			,"name": "1[4-20 Button Head-11"		}
,
		{
			"matrix": [
				-0.707107,					-5.47389e-33,					-0.707107,					0,
				-5.46667e-33,					-1,					1.32079e-32,					0,
				-0.707107,					1.32049e-32,					0.707107,					0,
				1.6532e-60,					0.0079375,					-3.50045e-61,					1
			]
			,"mesh": 3
			,"name": "Boat Tail-1"		}
,
		{
			"matrix": [
				-0.825897,					0.518576,					-0.221299,					0,
				0.500906,					0.855032,					0.134217,					0,
				0.258819,					-8.32667e-17,					-0.965926,					0,
				0.0196135,					2.1209,					-0.0731987,					1
			]
			,"mesh": 4
			,"name": "1[4-20 Button Head-14"		}
,
		{
			"matrix": [
				0.704132,					-0.091636,					0.704132,					0,
				0.0647964,					0.995793,					0.0647964,					0,
				-0.707107,					6.245e-17,					0.707107,					0,
				-0.0535852,					0.0127,					0.0535852,					1
			]
			,"mesh": 5
			,"name": "1[4-20 Button Head-16"		}
,
		{
			"matrix": [
				1,					0,					-0.000145047,					0,
				0,					1,					0,					0,
				0.000145047,					0,					1,					0,
				1.03804e-17,					1.40472,					-3.61242e-18,					1
			]
			,"mesh": 6
			,"name": "Drogue Parachute-1"		}
,
		{
			"mesh": 7
			,"name": "Sustainer Body Tube v2-1"		}
,
		{
			"matrix": [
				-1.06581e-14,					0,					1,					0,
				0,					1,					0,					0,
				-1,					0,					-1.06581e-14,					0,
				0,					1.11125,					0,					1
			]
			,"mesh": 8
			,"name": "Main Body Tube v2-1"		}
,
		{
			"matrix": [
				-0.624316,					0.469531,					-0.624316,					0,
				0.332009,					0.882916,					0.332009,					0,
				0.707107,					2.08167e-17,					-0.707107,					0,
				0.0535852,					0.0127,					-0.0535852,					1
			]
			,"mesh": 9
			,"name": "1[4-20 Button Head-8"		}
,
		{
			"matrix": [
				1,					-5.46667e-33,					5.46667e-33,					0,
				-5.46667e-33,					1.32079e-32,					1,					0,
				-5.46667e-33,					-1,					1.32079e-32,					0,
				-0.0404112,					-6.59195e-17,					0.0404112,					1
			]
			,"mesh": 10
			,"name": "1[4-20 Socket Head-1"		}
,
		{
			"matrix": [
				0,					-1,					0,					0,
				-2.45914e-14,					0,					1,					0,
				-1,					0,					-2.45914e-14,					0,
				0,					3.14325,					0,					1
			]
			,"mesh": 11
			,"name": "2024 Nose Cone-1"		}
,
		{
			"children": [
				15, 16, 17, 18, 19, 20, 21, 22, 23, 24, 25, 26, 27, 28, 29, 30, 31, 32, 33, 34, 35, 36, 37, 38, 39, 40, 46, 47, 48, 49, 50, 51, 52, 53, 54, 55, 56, 57, 58, 59, 60, 61, 62, 63, 64, 65, 66, 67, 68, 69, 70, 71, 72, 73, 74, 75, 76, 77, 78, 79, 80, 81, 82, 83, 84, 85, 86, 87, 88
			]
			,"matrix": [
				-0.965926,					0,					-0.258819,					0,
				0,					1,					0,					0,
				0.258819,					0,					-0.965926,					0,
				0.0255942,					1.58385,					0.00366586,					1
			]
			,"name": "Recovery System v4-1"		}
,
		{
			"matrix": [
				0.327834,					-6.245e-16,					0.944735,					0,
				-0.944735,					7.25114e-16,					0.327834,					0,
				-8.89774e-16,					-1,					-3.5227e-16,					0,
				0.0557406,					0.502124,					-0.0424411,					1
			]
			,"mesh": 12
			,"name": "1[2-13 Socket Head-3"		}
,
		{
			"matrix": [
				0.327834,					-2.22045e-16,					0.944735,					0,
				6.87371e-18,					1,					2.32648e-16,					0,
				-0.944735,					-6.97763e-17,					0.327834,					0,
				0.0256709,					0.585481,					-0.00308332,					1
			]
			,"mesh": 13
			,"name": "Eyebolt with Shoulder-2"		}
,
		{
			"matrix": [
				-0.5,					1.64771e-16,					0.866025,					0,
				1.94289e-16,					1,					-7.80878e-17,					0,
				-0.866025,					1.29215e-16,					-0.5,					0,
				0.0256709,					0.440212,					-0.00308332,					1
			]
			,"mesh": 14
			,"name": "Acrylic Support Ring v2-2"		}
,
		{
			"matrix": [
				1,					0,					0,					0,
				0,					1,					0,					0,
				0,					0,					1,					0,
				0.0256709,					-0.0154005,					-0.00308332,					1
			]
			,"mesh": 15
			,"name": "1[2 -13 Nylon Lock Nut-1"		}
,
		{
			"matrix": [
				0.982082,					2.77556e-17,					-0.188455,					0,
				-9.1073e-18,					1,					1.11022e-16,					0,
				0.188455,					-2.77556e-17,					0.982082,					0,
				0.0447209,					-0.0249255,					-0.0488033,					1
			]
			,"mesh": 16
			,"name": "Charge Well-2"		}
,
		{
			"matrix": [
				0.946508,					0.32268,					2.77556e-17,					0,
				-0.32268,					0.946508,					-1.38778e-16,					0,
				-5.55112e-17,					1.22398e-16,					1,					0,
				0.0351959,					0.116449,					-0.0625258,					1
			]
			,"mesh": 17
			,"name": "M3 Standoff-10"		}
,
		{
			"matrix": [
				-1,					0,					5.55112e-17,					0,
				-0,					-1,					0,					0,
				5.55112e-17,					0,					1,					0,
				0.0256709,					-0.0281005,					-0.00308332,					1
			]
			,"mesh": 18
			,"name": "PressureCap-1"		}
,
		{
			"matrix": [
				1,					0,					0,					0,
				0,					1,					0,					0,
				0,					0,					1,					0,
				0.0256709,					-0.0217505,					-0.00308332,					1
			]
			,"mesh": 19
			,"name": "Avionics Aft Bulkhead v4-1"		}
,
		{
			"matrix": [
				0.327834,					-2.498e-16,					0.944735,					0,
				-1.66834e-16,					-1,					-2.0652e-16,					0,
				0.944735,					-8.99096e-17,					-0.327834,					0,
				0.0557406,					0.552924,					-0.0424411,					1
			]
			,"mesh": 20
			,"name": "Charge Well-3"		}
,
		{
			"matrix": [
				0.982082,					-6.93889e-18,					-0.188455,					0,
				0.188455,					-2.77556e-17,					0.982082,					0,
				1.12757e-17,					-1,					-2.77556e-17,					0,
				0.0256709,					-0.0270083,					0.0627027,					1
			]
			,"mesh": 21
			,"name": "8-32 Socket Head-2"		}
,
		{
			"matrix": [
				-0.438062,					0.482084,					-0.758746,					0,
				0.241042,					0.876125,					0.417497,					0,
				0.866025,					3.05311e-16,					-0.5,					0,
				-0.0223153,					0.129149,					0.0326871,					1
			]
			,"mesh": 22
			,"name": "M3 Standoff-16"		}
,
		{
			"matrix": [
				1,					0,					0,					0,
				0,					0,					-1,					0,
				0,					1,					0,					0,
				0.00662093,					0.0258745,					0.0426367,					1
			]
			,"mesh": 23
			,"name": "1[2-13 Socket Head-1"		}
,
		{
			"matrix": [
				-0.5,					1.11022e-16,					-0.866025,					0,
				1.21431e-17,					1,					1.11022e-16,					0,
				0.866025,					5.55112e-17,					-0.5,					0,
				-0.0280075,					-0.0185755,					0.0279079,					1
			]
			,"mesh": 24
			,"name": "Acrylic Connector v2-2"		}
,
		{
			"matrix": [
				-0.5,					-1.05471e-15,					0.866025,					0,
				-0.866025,					-1.11022e-16,					-0.5,					0,
				6.23504e-16,					-1,					-8.57896e-16,					0,
				0.0771496,					0.263999,					0.0266379,					1
			]
			,"mesh": 25
			,"name": "Antenna mount-1"		}
,
		{
			"matrix": [
				1,					0,					0,					0,
				0,					1,					0,					0,
				0,					0,					1,					0,
				0.00662093,					-0.0249255,					0.0426367,					1
			]
			,"mesh": 26
			,"name": "Charge Well-1"		}
,
		{
			"matrix": [
				0.116467,					-8.32667e-17,					0.993195,					0,
				-4.07561e-17,					-1,					-7.9058e-17,					0,
				0.993195,					-3.12711e-17,					-0.116467,					0,
				-0.00439875,					0.552924,					0.0362745,					1
			]
			,"mesh": 27
			,"name": "Charge Well-4"		}
,
		{
			"matrix": [
				1,					0,					0,					0,
				0,					1,					0,					0,
				0,					0,					1,					0,
				0.0256709,					-0.0185755,					-0.0650658,					1
			]
			,"mesh": 28
			,"name": "Acrylic Connector v2-1"		}
,
		{
			"matrix": [
				1,					0,					-5.55112e-17,					0,
				-0,					-1,					0,					0,
				-5.55112e-17,					0,					-1,					0,
				0.0256709,					-0.057482,					-0.00308332,					1
			]
			,"mesh": 29
			,"name": "Eyebolt with Shoulder-1"		}
,
		{
			"matrix": [
				-0.5,					4.14506e-17,					-0.866025,					0,
				5.55112e-17,					1,					-2.70216e-17,					0,
				0.866025,					-1.35165e-16,					-0.5,					0,
				0.0256709,					0.078262,					-0.00308332,					1
			]
			,"mesh": 30
			,"name": "Acrylic Support Ring v2-1"		}
,
		{
			"matrix": [
				0.982082,					2.77556e-17,					-0.188455,					0,
				-0.188455,					2.77556e-17,					-0.982082,					0,
				-9.1073e-18,					1,					1.11022e-16,					0,
				0.0447209,					0.0258745,					-0.0488033,					1
			]
			,"mesh": 31
			,"name": "1[2-13 Socket Head-2"		}
,
		{
			"matrix": [
				0.5,					-4.16334e-17,					0.866025,					0,
				3.02944e-17,					-1,					-6.55646e-17,					0,
				0.866025,					5.9018e-17,					-0.5,					0,
				0.0256709,					0.549749,					-0.00308332,					1
			]
			,"mesh": 32
			,"name": "Avionics Aft Bulkhead v4-2"		}
,
		{
			"matrix": [
				0.5,					1.66533e-16,					-0.866025,					0,
				-3.59332e-17,					1,					1.7155e-16,					0,
				0.866025,					-5.4656e-17,					0.5,					0,
				0.0793493,					-0.0185755,					0.0279079,					1
			]
			,"mesh": 33
			,"name": "Acrylic Connector antenna v3-1"		}
,
		{
			"matrix": [
				0.116467,					4.16334e-17,					0.993195,					0,
				-0.993195,					-1.56125e-17,					0.116467,					0,
				2.03552e-17,					-1,					3.95317e-17,					0,
				-0.00439875,					0.502124,					0.0362745,					1
			]
			,"mesh": 34
			,"name": "1[2-13 Socket Head-4"		}
,
		{
			"matrix": [
				0.327834,					-2.63678e-16,					0.944735,					0,
				6.89078e-17,					-1,					-3.03014e-16,					0,
				0.944735,					1.64438e-16,					-0.327834,					0,
				0.0256709,					0.543399,					-0.00308332,					1
			]
			,"mesh": 35
			,"name": "1[2 -13 Nylon Lock Nut-2"		}
,
		{
			"matrix": [
				-0.316004,					1.95111e-16,					-0.948758,					0,
				4.76539e-19,					1,					2.05491e-16,					0,
				0.948758,					6.44837e-17,					-0.316004,					0,
				0.0256709,					0.556099,					-0.00308332,					1
			]
			,"mesh": 36
			,"name": "PressureCap-2"		}
,
		{
			"children": [
				41, 42, 43, 44, 45
			]
			,"matrix": [
				-2.77556e-16,					-1,					0,					0,
				-1,					2.77556e-16,					0,					0,
				-0,					0,					-1,					0,
				0.0254201,					0.13676,					0.0241242,					1
			]
			,"name": "Altus Telemetrum-1"		}
,
		{
			"matrix": [
				1.04083e-16,					-1,					-3.88578e-16,					0,
				-4.94592e-17,					3.33067e-16,					-1,					0,
				1,					2.15106e-16,					-4.94592e-17,					0,
				-0.00630053,					-0.000278411,					0.06973,					1
			]
			,"mesh": 37
			,"name": "Anten çip-1"		}
,
		{
			"matrix": [
				7.63278e-17,					1,					5.55112e-17,					0,
				1,					-7.63278e-17,					6.80654e-19,					0,
				6.80654e-19,					5.55112e-17,					-1,					0,
				0.0168216,					-0.00312459,					0.06985,					1
			]
			,"mesh": 38
			,"name": "B2B-PH-K-S-1"		}
,
		{
			"matrix": [
				-0.0100524,					0.999949,					0,					0,
				-5.78759e-17,					-5.8182e-19,					1,					0,
				0.999949,					0.0100524,					5.78788e-17,					0,
				0.00361185,					-0.000203341,					0.03945,					1
			]
			,"mesh": 39
			,"name": "Buzzer-1"		}
,
		{
			"matrix": [
				1,					0,					0,					0,
				0,					1,					0,					0,
				0,					0,					1,					0,
				-0.00442799,					-0.000250876,					0.06985,					1
			]
			,"mesh": 40
			,"name": "Altus Telemetrum-1"		}
,
		{
			"matrix": [
				-2.74225e-14,					-1,					-1.66533e-16,					0,
				-1,					2.74225e-14,					-1.64135e-16,					0,
				1.64135e-16,					1.66533e-16,					-1,					0,
				0.0263858,					-0.000210876,					0.05985,					1
			]
			,"mesh": 41
			,"name": "Klemens 6lı-1"		}
,
		{
			"matrix": [
				0.985697,					0.168526,					0,					0,
				-0.168526,					0.985697,					-1.31839e-16,					0,
				0,					1.10236e-16,					1,					0,
				0.0351959,					0.173599,					-0.0625258,					1
			]
			,"mesh": 42
			,"name": "M3 Standoff-9"		}
,
		{
			"matrix": [
				0.897716,					0.440574,					-5.55112e-17,					0,
				-0.440574,					0.897716,					-1.249e-16,					0,
				-5.19447e-18,					1.36582e-16,					1,					0,
				0.0161459,					0.116449,					-0.0625258,					1
			]
			,"mesh": 43
			,"name": "M3 Standoff-11"		}
,
		{
			"matrix": [
				0.852741,					0.522334,					-1.94289e-16,					0,
				-0.522334,					0.852741,					0,					0,
				1.11022e-16,					8.32667e-17,					1,					0,
				0.0161459,					0.173599,					-0.0625258,					1
			]
			,"mesh": 44
			,"name": "M3 Standoff-12"		}
,
		{
			"matrix": [
				-0.344942,					0.723919,					-0.597458,					0,
				0.36196,					0.689885,					0.626932,					0,
				0.866025,					1.24033e-16,					-0.5,					0,
				-0.0293003,					0.160899,					0.0205887,					1
			]
			,"mesh": 45
			,"name": "M3 Standoff-13"		}
,
		{
			"matrix": [
				-0.366664,					0.679876,					-0.63508,					0,
				0.339938,					0.733327,					0.58879,					0,
				0.866025,					2.77556e-17,					-0.5,					0,
				-0.0223153,					0.160899,					0.0326871,					1
			]
			,"mesh": 46
			,"name": "M3 Standoff-14"		}
,
		{
			"matrix": [
				-0.40053,					0.598583,					-0.693739,					0,
				0.299292,					0.801061,					0.518388,					0,
				0.866025,					2.77556e-16,					-0.5,					0,
				-0.0293003,					0.129149,					0.0205887,					1
			]
			,"mesh": 47
			,"name": "M3 Standoff-15"		}
,
		{
			"matrix": [
				0.5,					6.39769e-17,					-0.866025,					0,
				5.76276e-17,					1,					1.07146e-16,					0,
				0.866025,					-1.0348e-16,					0.5,					0,
				0.0762053,					0.0830245,					0.0407574,					1
			]
			,"mesh": 48
			,"name": "4-40 Socket Head-1"		}
,
		{
			"matrix": [
				-0.987935,					0.15487,					1.31284e-14,					0,
				0.15487,					0.987935,					-1.93595e-15,					0,
				-1.32698e-14,					1.20597e-16,					-1,					0,
				0.0383709,					0.0830245,					-0.0687677,					1
			]
			,"mesh": 49
			,"name": "4-40 Socket Head-3"		}
,
		{
			"matrix": [
				-0.984171,					0.177219,					1.31561e-14,					0,
				0.177219,					0.984171,					-2.38004e-15,					0,
				-1.33782e-14,					-5.20417e-17,					-1,					0,
				0.0129709,					0.0830245,					-0.0687677,					1
			]
			,"mesh": 50
			,"name": "4-40 Socket Head-4"		}
,
		{
			"matrix": [
				0.456418,					0.408328,					-0.790539,					0,
				-0.204164,					0.912835,					0.353622,					0,
				0.866025,					-2.22045e-16,					0.5,					0,
				0.0762053,					0.444974,					0.0407574,					1
			]
			,"mesh": 51
			,"name": "4-40 Socket Head-8"		}
,
		{
			"matrix": [
				0.44138,					-0.469825,					0.764492,					0,
				0.234913,					0.88276,					0.40688,					0,
				-0.866025,					3.60822e-16,					0.5,					0,
				-0.0248634,					0.444974,					0.0407574,					1
			]
			,"mesh": 52
			,"name": "4-40 Socket Head-9"		}
,
		{
			"matrix": [
				-0.995935,					-0.0900697,					5.55112e-17,					0,
				-0.0900697,					0.995935,					8.32667e-17,					0,
				-6.27853e-17,					7.79284e-17,					-1,					0,
				0.0129709,					0.444974,					-0.0687677,					1
			]
			,"mesh": 53
			,"name": "4-40 Socket Head-12"		}
,
		{
			"matrix": [
				0.427523,					0.518553,					-0.740491,					0,
				-0.259276,					0.855046,					0.44908,					0,
				0.866025,					-2.22045e-16,					0.5,					0,
				0.0889053,					0.444974,					0.0187604,					1
			]
			,"mesh": 54
			,"name": "4-40 Socket Head-7"		}
,
		{
			"matrix": [
				1,					0,					0,					0,
				1.11022e-16,					-1,					0,					0,
				0,					0,					-1,					0,
				0.0256709,					-0.0141305,					-0.0711426,					1
			]
			,"mesh": 55
			,"name": "6-32 Button Head-1"		}
,
		{
			"matrix": [
				-0.358005,					0.69809,					-0.620083,					0,
				-0.349045,					-0.71601,					-0.604563,					0,
				-0.866025,					1.249e-16,					0.5,					0,
				-0.0375634,					0.0830245,					0.0187604,					1
			]
			,"mesh": 56
			,"name": "4-40 Socket Head-5"		}
,
		{
			"matrix": [
				-0.473011,					-0.324104,					-0.819279,					0,
				0.162052,					-0.946022,					0.280682,					0,
				-0.866025,					2.498e-16,					0.5,					0,
				-0.0248634,					0.0830245,					0.0407574,					1
			]
			,"mesh": 57
			,"name": "4-40 Socket Head-6"		}
,
		{
			"matrix": [
				-0.466162,					0.361627,					-0.807415,					0,
				-0.180813,					-0.932323,					-0.313178,					0,
				-0.866025,					-4.16334e-17,					0.5,					0,
				-0.0332702,					-0.0141305,					0.0309463,					1
			]
			,"mesh": 58
			,"name": "6-32 Button Head-2"		}
,
		{
			"matrix": [
				0.488262,					0.215407,					-0.845695,					0,
				-0.107704,					0.976524,					0.186548,					0,
				0.866025,					-5.37764e-17,					0.5,					0,
				0.0889053,					0.0830245,					0.0187604,					1
			]
			,"mesh": 59
			,"name": "4-40 Socket Head-2"		}
,
		{
			"matrix": [
				0.5,					8.92087e-15,					0.866025,					0,
				-4.23925e-15,					1,					-7.8534e-15,					0,
				-0.866025,					2.55403e-16,					0.5,					0,
				-0.0375634,					0.444974,					0.0187604,					1
			]
			,"mesh": 60
			,"name": "4-40 Socket Head-10"		}
,
		{
			"matrix": [
				-0.998926,					-0.0463366,					5.55112e-17,					0,
				-0.0463366,					0.998926,					0,					0,
				-5.55112e-17,					-2.5722e-18,					-1,					0,
				0.0383709,					0.444974,					-0.0687677,					1
			]
			,"mesh": 61
			,"name": "4-40 Socket Head-11"		}
,
		{
			"matrix": [
				-0.49522,					0.137944,					-0.857746,					0,
				0.0689719,					0.99044,					0.119463,					0,
				0.866025,					5.48173e-16,					-0.5,					0,
				-0.0171444,					0.160549,					0.0135359,					1
			]
			,"mesh": 62
			,"name": "M3 Pan Head Screw-14"		}
,
		{
			"matrix": [
				-0.188455,					-2.22045e-16,					0.982082,					0,
				0.982082,					-2.08167e-17,					0.188455,					0,
				-2.77556e-17,					1,					1.11022e-16,					0,
				0.0048823,					0.555007,					-0.0654983,					1
			]
			,"mesh": 63
			,"name": "8-32 Socket Head-22"		}
,
		{
			"matrix": [
				-0.188455,					-1.11022e-16,					0.982082,					0,
				0.982082,					-2.77556e-17,					0.188455,					0,
				0,					1,					2.22045e-16,					0,
				-0.0367441,					0.555007,					0.0177053,					1
			]
			,"mesh": 64
			,"name": "8-32 Socket Head-21"		}
,
		{
			"matrix": [
				0.959125,					0.282984,					8.32667e-17,					0,
				-0.282984,					0.959125,					-1.80411e-16,					0,
				0,					1.11022e-16,					1,					0,
				0.0351959,					0.116449,					-0.0474758,					1
			]
			,"mesh": 65
			,"name": "M3 Pan Head Screw-3"		}
,
		{
			"matrix": [
				0.92897,					-3.46945e-17,					-0.370156,					0,
				0.370156,					0,					0.92897,					0,
				2.1684e-18,					-1,					0,					0,
				0.0914569,					-0.0270083,					-0.00308332,					1
			]
			,"mesh": 66
			,"name": "8-32 Socket Head-17"		}
,
		{
			"matrix": [
				0.827332,					0,					-0.561714,					0,
				0.561714,					0,					0.827332,					0,
				0,					-1,					0,					0,
				0.0256709,					-0.0270083,					-0.0688693,					1
			]
			,"mesh": 67
			,"name": "8-32 Socket Head-18"		}
,
		{
			"matrix": [
				-0.489957,					0.199423,					-0.84863,					0,
				0.0997116,					0.979913,					0.172706,					0,
				0.866025,					3.38958e-16,					-0.5,					0,
				-0.0101444,					0.129149,					0.0256603,					1
			]
			,"mesh": 68
			,"name": "M3 Pan Head Screw-15"		}
,
		{
			"matrix": [
				-0.188455,					-1.11022e-16,					0.982082,					0,
				0.982082,					5.55112e-17,					0.188455,					0,
				0,					1,					5.55112e-17,					0,
				0.0464596,					0.555007,					0.0593317,					1
			]
			,"mesh": 69
			,"name": "8-32 Socket Head-20"		}
,
		{
			"matrix": [
				0.866025,					2.77556e-16,					0.5,					0,
				-3.19919e-16,					1,					-9.9638e-19,					0,
				-0.5,					-1.59096e-16,					0.866025,					0,
				0.0815491,					0.0576245,					0.0291779,					1
			]
			,"mesh": 70
			,"name": "KO128B2007-1"		}
,
		{
			"matrix": [
				0.902849,					0.429957,					-1.21014e-14,					0,
				0.429957,					-0.902849,					-5.8703e-15,					0,
				-1.34497e-14,					9.69095e-17,					-1,					0,
				0.0256709,					0.542129,					-0.0711426,					1
			]
			,"mesh": 71
			,"name": "6-32 Button Head-6"		}
,
		{
			"matrix": [
				0.987351,					0.158553,					-2.77556e-17,					0,
				-0.158553,					0.987351,					-1.11022e-16,					0,
				9.80159e-18,					1.14019e-16,					1,					0,
				0.0161459,					0.173599,					-0.0474758,					1
			]
			,"mesh": 72
			,"name": "M3 Pan Head Screw-2"		}
,
		{
			"matrix": [
				-0.498729,					0.0712651,					-0.863823,					0,
				0.0356326,					0.997457,					0.0617174,					0,
				0.866025,					3.60704e-16,					-0.5,					0,
				-0.0101444,					0.160549,					0.0256603,					1
			]
			,"mesh": 73
			,"name": "M3 Pan Head Screw-13"		}
,
		{
			"matrix": [
				0.866025,					-5.55112e-17,					0.5,					0,
				-5.17926e-17,					1,					2.0073e-16,					0,
				-0.5,					-1.99733e-16,					0.866025,					0,
				0.0815491,					0.0195245,					0.0291779,					1
			]
			,"mesh": 74
			,"name": "KO128B2007-2"		}
,
		{
			"matrix": [
				-0.401008,					0.597301,					-0.694567,					0,
				-0.298651,					-0.802017,					-0.517278,					0,
				-0.866025,					-5.55112e-17,					0.5,					0,
				-0.0332702,					0.542129,					0.0309463,					1
			]
			,"mesh": 75
			,"name": "6-32 Button Head-5"		}
,
		{
			"matrix": [
				1,					0,					0,					0,
				0,					1,					0,					0,
				0,					0,					1,					0,
				0.0351959,					0.173599,					-0.0474758,					1
			]
			,"mesh": 76
			,"name": "M3 Pan Head Screw-1"		}
,
		{
			"matrix": [
				-0.483764,					0.252767,					-0.837903,					0,
				0.126384,					0.967527,					0.218903,					0,
				0.866025,					2.63678e-16,					-0.5,					0,
				-0.0171444,					0.129149,					0.0135359,					1
			]
			,"mesh": 77
			,"name": "M3 Pan Head Screw-16"		}
,
		{
			"matrix": [
				0.353553,					0.707107,					-0.612372,					0,
				0.353553,					-0.707107,					-0.612372,					0,
				-0.866025,					-4.71845e-16,					-0.5,					0,
				0.0726917,					0.263999,					0.0240469,					1
			]
			,"mesh": 78
			,"name": "32K449-500L5-1"		}
,
		{
			"matrix": [
				0.672593,					0,					-0.740013,					0,
				0.740013,					-5.55112e-17,					0.672593,					0,
				-4.1079e-17,					-1,					-3.73364e-17,					0,
				-0.0401151,					-0.0270083,					-0.00308332,					1
			]
			,"mesh": 79
			,"name": "8-32 Socket Head-19"		}
,
		{
			"matrix": [
				-0.473645,					-0.320378,					0.820377,					0,
				0.160189,					-0.94729,					-0.277456,					0,
				0.866025,					2.77556e-17,					0.5,					0,
				0.084612,					-0.0141305,					0.0309463,					1
			]
			,"mesh": 80
			,"name": "6-32 Button Head-3"		}
,
		{
			"matrix": [
				0.928571,					0.371154,					-1.11022e-16,					0,
				-0.371154,					0.928571,					-1.249e-16,					0,
				5.6735e-17,					1.57185e-16,					1,					0,
				0.0161459,					0.116449,					-0.0474758,					1
			]
			,"mesh": 81
			,"name": "M3 Pan Head Screw-4"		}
,
		{
			"matrix": [
				-0.4,					-0.6,					0.69282,					0,
				0.3,					-0.8,					-0.519615,					0,
				0.866025,					1.11022e-16,					0.5,					0,
				0.084612,					0.542129,					0.0309463,					1
			]
			,"mesh": 82
			,"name": "6-32 Button Head-4"		}
,
		{
			"matrix": [
				3.08781e-16,					-1,					0,					0,
				0.866025,					2.77556e-16,					-0.5,					0,
				0.5,					0,					0.866025,					0,
				-0.0128249,					0.144849,					0.0191249,					1
			]
			,"mesh": 83
			,"name": "EasyMini Altimeter-1"		}
,
		{
			"matrix": [
				-0.188455,					-2.77556e-16,					0.982082,					0,
				0.982082,					-4.85723e-17,					0.188455,					0,
				-4.6048e-18,					1,					2.81736e-16,					0,
				0.0880859,					0.555007,					-0.023872,					1
			]
			,"mesh": 84
			,"name": "8-32 Socket Head-23"		}
,
		{
			"matrix": [
				1,					0,					0,					0,
				0,					1,					0,					0,
				0,					0,					1,					0,
				0,					1.02616,					0,					1
			]
			,"mesh": 85
			,"name": "Payload Volume-1"		}
,
		{
			"matrix": [
				-1,					0,					-1.11022e-16,					0,
				0,					1,					0,					0,
				1.11022e-16,					0,					-1,					0,
				1.35411e-15,					2.26877,					-1.80132e-16,					1
			]
			,"mesh": 86
			,"name": "Main Parachute-1"		}
,
		{
			"matrix": [
				-0.529533,					0.662713,					-0.529533,					0,
				0.468609,					0.748873,					0.468609,					0,
				0.707107,					-5.55112e-17,					-0.707107,					0,
				0.0535852,					0.38735,					-0.0535852,					1
			]
			,"mesh": 87
			,"name": "1[4-20 Button Head-7"		}
,
		{
			"matrix": [
				-0.511229,					-0.690862,					0.511229,					0,
				-0.488513,					0.722987,					0.488513,					0,
				-0.707107,					-5.55112e-17,					-0.707107,					0,
				-0.0535852,					0.38735,					-0.0535852,					1
			]
			,"mesh": 88
			,"name": "1[4-20 Button Head-10"		}
,
		{
			"matrix": [
				0.176417,					0.731704,					0.658396,					0,
				-0.189379,					0.681622,					-0.706772,					0,
				-0.965926,					4.83071e-17,					0.258819,					0,
				-0.0731987,					1.56845,					0.0196135,					1
			]
			,"mesh": 89
			,"name": "1[4-20 Button Head-12"		}
,
		{
			"matrix": [
				0.0567944,					0.975627,					0.211959,					0,
				-0.252511,					0.219437,					-0.942383,					0,
				-0.965926,					-4.52763e-18,					0.258819,					0,
				-0.0731987,					2.1209,					0.0196135,					1
			]
			,"mesh": 90
			,"name": "1[4-20 Button Head-13"		}
,
		{
			"matrix": [
				-0.842583,					0.488959,					-0.22577,					0,
				0.472298,					0.872307,					0.126552,					0,
				0.258819,					-2.77556e-17,					-0.965926,					0,
				0.0196135,					1.56845,					-0.0731987,					1
			]
			,"mesh": 91
			,"name": "1[4-20 Button Head-15"		}
,
		{
			"matrix": [
				-1.72085e-15,					0.886225,					0.463254,					0,
				3.35842e-15,					0.463254,					-0.886225,					0,
				-1,					5.55112e-17,					-3.6221e-15,					0,
				-0.003175,					0.22164,					-0.211602,					1
			]
			,"mesh": 92
			,"name": "Fin Edge-10"		}
,
		{
			"matrix": [
				9.27036e-15,					-0.462566,					-0.886585,					0,
				-4.57967e-15,					-0.886585,					0.462566,					0,
				-1,					-1.38778e-16,					-1.02141e-14,					0,
				-0.003175,					0.0895201,					0.217967,					1
			]
			,"mesh": 93
			,"name": "Fin Edge-6"		}
,
		{
			"matrix": [
				0.707107,					4.40688e-17,					-0.707107,					0,
				-1.17757e-16,					1,					-5.54343e-17,					0,
				0.707107,					1.22465e-16,					0.707107,					0,
				0.0558796,					0.38735,					0.0558796,					1
			]
			,"mesh": 94
			,"name": "1[4-20 Pan Head Screw-1"		}
,
		{
			"matrix": [
				0.5,					-0.707107,					-0.5,					0,
				0.707107,					0,					0.707107,					0,
				-0.5,					-0.707107,					0.5,					0,
				0.0557674,					0.38735,					0.0557674,					1
			]
			,"mesh": 95
			,"name": "Rail Button-1"		}
,
		{
			"matrix": [
				-2.12053e-14,					1.11022e-16,					1,					0,
				-2.3296e-30,					-1,					1.11022e-16,					0,
				1,					2.46519e-32,					2.12053e-14,					0,
				0.078867,					2.22885,					1.66977e-15,					1
			]
			,"mesh": 96
			,"name": "M2.5 Shear Pin-1"		}
,
		{
			"matrix": [
				4.88498e-15,					0.939693,					-0.34202,					0,
				1.32672e-14,					-0.34202,					-0.939693,					0,
				-1,					2.48922e-17,					-1.41553e-14,					0,
				-0.078867,					2.22885,					-1.11905e-15,					1
			]
			,"mesh": 97
			,"name": "M2.5 Shear Pin-3"		}
,
		{
			"matrix": [
				-0.231302,					-0.944986,					0.231302,					0,
				0.668206,					-0.32711,					-0.668206,					0,
				0.707107,					-2.35055e-16,					0.707107,					0,
				0.0558796,					0.0127,					0.0558796,					1
			]
			,"mesh": 98
			,"name": "1[4-20 Pan Head Screw-2"		}
,
		{
			"matrix": [
				2.72005e-15,					-1,					7.3737e-17,					0,
				-1,					-2.83107e-15,					1.10402e-16,					0,
				-1.10402e-16,					-7.3737e-17,					-1,					0,
				-0.078867,					0.508,					8.01916e-18,					1
			]
			,"mesh": 99
			,"name": "Fin v3-3"		}
,
		{
			"matrix": [
				0.560879,					0.608958,					-0.560879,					0,
				-0.430599,					0.793202,					0.430599,					0,
				0.707107,					1.66533e-16,					0.707107,					0,
				0.0535852,					2.1209,					0.0535852,					1
			]
			,"mesh": 100
			,"name": "1[4-20 Button Head-17"		}
,
		{
			"matrix": [
				0.463254,					0.886225,					-1.55069e-17,					0,
				-0.886225,					0.463254,					1.74977e-17,					0,
				2.26905e-17,					5.63673e-18,					1,					0,
				-0.211602,					0.22164,					0.003175,					1
			]
			,"mesh": 101
			,"name": "Fin Edge-9"		}
,
		{
			"matrix": [
				-0.636048,					-0.436905,					0.636048,					0,
				0.707107,					1.34078e-15,					0.707107,					0,
				-0.308938,					0.899508,					0.308938,					0,
				0.0557674,					0.0127,					0.0557674,					1
			]
			,"mesh": 102
			,"name": "Rail Button-2"		}
,
		{
			"matrix": [
				-1.19518e-16,					-1,					-5.88859e-14,					0,
				3.49148e-15,					5.88859e-14,					-1,					0,
				1,					-1.19518e-16,					3.49148e-15,					0,
				2.86916e-16,					0.508,					-0.078867,					1
			]
			,"mesh": 103
			,"name": "Fin v3-2"		}
,
		{
			"matrix": [
				0.463254,					0.886225,					-1.55069e-17,					0,
				-0.886225,					0.463254,					8.32667e-17,					0,
				8.09767e-17,					-2.4831e-17,					1,					0,
				-0.211602,					0.22164,					0.003175,					1
			]
			,"mesh": 104
			,"name": "Fin Edge-2"		}
,
		{
			"matrix": [
				5.88859e-14,					-1,					-1.31129e-14,					0,
				1,					5.88859e-14,					-2.52435e-29,					0,
				7.9675e-28,					-1.31129e-14,					1,					0,
				0.078867,					0.508,					6.61192e-15,					1
			]
			,"mesh": 105
			,"name": "Fin v3-4"		}
,
		{
			"matrix": [
				-0.886585,					-0.462566,					-5.62021e-15,					0,
				0.462566,					-0.886585,					-1.14498e-14,					0,
				3.13471e-16,					-1.27509e-14,					1,					0,
				0.217967,					0.0895201,					0.003175,					1
			]
			,"mesh": 106
			,"name": "Fin Edge-5"		}
,
		{
			"matrix": [
				0.886585,					-0.462566,					-2.41418e-17,					0,
				-0.462566,					-0.886585,					-1.11022e-16,					0,
				2.77556e-17,					-1.66533e-16,					-1,					0,
				-0.217967,					0.0895201,					-0.003175,					1
			]
			,"mesh": 107
			,"name": "Fin Edge-7"		}
,
		{
			"matrix": [
				0.511622,					0.690279,					0.511622,					0,
				-0.488101,					0.723543,					-0.488101,					0,
				-0.707107,					-2.77556e-17,					0.707107,					0,
				-0.0535852,					1.02108,					0.0535852,					1
			]
			,"mesh": 108
			,"name": "1[4-20 Button Head-19"		}
,
		{
			"matrix": [
				1.2521e-16,					-1,					1.10489e-18,					0,
				-1.04744e-14,					1.10489e-18,					1,					0,
				-1,					-1.2521e-16,					-1.04744e-14,					0,
				-8.39548e-16,					0.508,					0.078867,					1
			]
			,"mesh": 109
			,"name": "Fin v3-1"		}
,
		{
			"matrix": [
				-0.529533,					0.662713,					-0.529533,					0,
				0.468609,					0.748873,					0.468609,					0,
				0.707107,					-2.77556e-17,					-0.707107,					0,
				0.0535852,					1.02108,					-0.0535852,					1
			]
			,"mesh": 110
			,"name": "1[4-20 Button Head-18"		}
,
		{
			"matrix": [
				-0.660503,					0.357032,					0.660503,					0,
				0.252459,					0.934092,					-0.252459,					0,
				-0.707107,					-1.38778e-16,					-0.707107,					0,
				-0.0535852,					1.02108,					-0.0535852,					1
			]
			,"mesh": 111
			,"name": "1[4-20 Button Head-20"		}
,
		{
			"matrix": [
				4.77396e-15,					0.886225,					-0.463254,					0,
				-9.38138e-15,					0.463254,					0.886225,					0,
				1,					2.22045e-16,					1.05471e-14,					0,
				0.003175,					0.22164,					0.211602,					1
			]
			,"mesh": 112
			,"name": "Fin Edge-1"		}
,
		{
			"matrix": [
				-1.63758e-15,					0.886225,					0.463254,					0,
				3.05311e-15,					0.463254,					-0.886225,					0,
				-1,					1.11022e-16,					-3.55271e-15,					0,
				-0.003175,					0.22164,					-0.211602,					1
			]
			,"mesh": 113
			,"name": "Fin Edge-3"		}
,
		{
			"matrix": [
				-0.463254,					0.886225,					8.53106e-16,					0,
				0.886225,					0.463254,					-3.35423e-18,					0,
				-3.98178e-16,					7.54491e-16,					-1,					0,
				0.211602,					0.22164,					-0.003175,					1
			]
			,"mesh": 114
			,"name": "Fin Edge-4"		}
,
		{
			"matrix": [
				-3.16414e-15,					-0.462566,					0.886585,					0,
				1.3739e-15,					-0.886585,					-0.462566,					0,
				1,					-2.09902e-16,					3.46945e-15,					0,
				0.003175,					0.0895201,					-0.217967,					1
			]
			,"mesh": 115
			,"name": "Fin Edge-8"		}
,
		{
			"matrix": [
				-0.463254,					0.886225,					8.59124e-16,					0,
				0.886225,					0.463254,					-1.43073e-31,					0,
				-3.97993e-16,					7.61378e-16,					-1,					0,
				0.211602,					0.22164,					-0.003175,					1
			]
			,"mesh": 116
			,"name": "Fin Edge-11"		}
,
		{
			"matrix": [
				4.94049e-15,					0.886225,					-0.463254,					0,
				-9.32587e-15,					0.463254,					0.886225,					0,
				1,					-5.814e-17,					1.05535e-14,					0,
				0.003175,					0.22164,					0.211602,					1
			]
			,"mesh": 117
			,"name": "Fin Edge-12"		}
,
		{
			"matrix": [
				0.567483,					-0.596595,					-0.567483,					0,
				0.707107,					-1.38778e-16,					0.707107,					0,
				-0.421857,					-0.802542,					0.421857,					0,
				0.0557674,					1.02108,					0.0557674,					1
			]
			,"mesh": 118
			,"name": "Rail Button-3"		}
,
		{
			"matrix": [
				0.699569,					0.145626,					-0.699569,					0,
				-0.102973,					0.98934,					0.102973,					0,
				0.707107,					6.93889e-17,					0.707107,					0,
				0.0558796,					1.02108,					0.0558796,					1
			]
			,"mesh": 119
			,"name": "1[4-20 Pan Head Screw-3"		}
,
		{
			"matrix": [
				-0.939693,					-0.34202,					-9.99201e-15,					0,
				0.34202,					-0.939693,					3.96905e-15,					0,
				-1.06581e-14,					3.17216e-16,					1,					0,
				-8.43686e-16,					2.22885,					0.078867,					1
			]
			,"mesh": 120
			,"name": "M2.5 Shear Pin-2"		}
,
		{
			"matrix": [
				-1.93179e-14,					-0.421154,					0.906989,					0,
				9.04832e-15,					-0.906989,					-0.421154,					0,
				1,					1.03068e-16,					2.12608e-14,					0,
				0.078867,					1.18745,					1.79732e-15,					1
			]
			,"mesh": 121
			,"name": "M2.5 Shear Pin-5"		}
,
		{
			"matrix": [
				1,					3.13638e-15,					1.06581e-14,					0,
				2.80331e-15,					-1,					2.97795e-29,					0,
				1.06581e-14,					-3.20475e-31,					-1,					0,
				7.18895e-16,					1.18745,					-0.078867,					1
			]
			,"mesh": 122
			,"name": "M2.5 Shear Pin-6"		}
,
		{
			"matrix": [
				1.23235e-14,					0.5,					-0.866025,					0,
				7.10543e-15,					-0.866025,					-0.5,					0,
				-1,					-3.08401e-17,					-1.43219e-14,					0,
				-0.078867,					1.18745,					-9.84803e-16,					1
			]
			,"mesh": 123
			,"name": "M2.5 Shear Pin-7"		}
,
		{
			"children": [
				129, 130, 131, 132, 133
			]
			,"matrix": [
				-0.707107,					0,					-0.707107,					0,
				0,					1,					0,					0,
				0.707107,					0,					-0.707107,					0,
				0.0007817,					0.983003,					-0.00373758,					1
			]
			,"name": "Coupler Assembly v2-1"		}
,
		{
			"matrix": [
				1,					0,					0,					0,
				0,					1,					0,					0,
				0,					0,					1,					0,
				-0.00209013,					0.00840356,					-0.00319562,					1
			]
			,"mesh": 124
			,"name": "Eyebolt with Shoulder-1"		}
,
		{
			"matrix": [
				1,					0,					0,					0,
				0,					1,					0,					0,
				0,					0,					1,					0,
				-0.00209013,					-0.0305029,					-0.00319562,					1
			]
			,"mesh": 125
			,"name": "Coupler Cap v2-1"		}
,
		{
			"matrix": [
				0.707107,					0,					0.707107,					0,
				0,					1,					0,					0,
				-0.707107,					0,					0.707107,					0,
				-0.00209013,					-0.0241529,					-0.00319562,					1
			]
			,"mesh": 126
			,"name": "G12 Coupler-1"		}
,
		{
			"matrix": [
				0.707107,					0,					0.707107,					0,
				0,					1,					0,					0,
				-0.707107,					0,					0.707107,					0,
				-0.00209013,					0.199685,					-0.00319562,					1
			]
			,"mesh": 127
			,"name": "Coupler Shear Pin Ring-1"		}
,
		{
			"matrix": [
				1,					0,					0,					0,
				0,					0,					-1,					0,
				0,					1,					0,					0,
				-0.00209013,					-0.0590779,					-0.00319562,					1
			]
			,"mesh": 128
			,"name": "1[2-13 x 1[3-16 Female to Male Thread Adapter-1"		}
,
		{
			"matrix": [
				0.766044,					-0.642788,					8.27116e-15,					0,
				0.642788,					0.766044,					6.82787e-15,					0,
				-1.06581e-14,					2.72686e-17,					1,					0,
				-6.97928e-16,					1.18745,					0.078867,					1
			]
			,"mesh": 129
			,"name": "M2.5 Shear Pin-8"		}
,
		{
			"matrix": [
				1,					3.16414e-15,					1.07137e-14,					0,
				3.05311e-15,					-1,					-1.11022e-16,					0,
				1.07137e-14,					1.11022e-16,					-1,					0,
				8.43686e-16,					2.22885,					-0.078867,					1
			]
			,"mesh": 130
			,"name": "M2.5 Shear Pin-4"		}
,
		{
			"children": [
				137, 138, 139, 140, 141, 142, 143, 144, 145, 146, 147, 148, 149, 150, 151, 152, 153, 154, 155, 156
			]
			,"matrix": [
				1,					0,					0,					0,
				0,					1,					0,					0,
				0,					0,					1,					0,
				-0.0215687,					0.324724,					-0.20276,					1
			]
			,"name": "Motor Mount v2-1"		}
,
		{
			"matrix": [
				0,					0,					-1,					0,
				0,					-1,					0,					0,
				-1,					0,					0,					0,
				0.0215687,					0.0673883,					0.20276,					1
			]
			,"mesh": 131
			,"name": "Fore Centering Ring-1"		}
,
		{
			"matrix": [
				1,					0,					0,					0,
				0,					0,					1,					0,
				0,					-1,					0,					0,
				0.00963688,					-0.315364,					0.15823,					1
			]
			,"mesh": 132
			,"name": "6-32 Socket Head-1"		}
,
		{
			"matrix": [
				0.263225,					1.11022e-16,					-0.964735,					0,
				0.964735,					0,					0.263225,					0,
				5.46438e-17,					-1,					-5.55112e-17,					0,
				0.0335005,					-0.315364,					0.24729,					1
			]
			,"mesh": 133
			,"name": "6-32 Socket Head-7"		}
,
		{
			"matrix": [
				0.965926,					0,					-0.258819,					0,
				0,					-1,					0,					0,
				-0.258819,					0,					-0.965926,					0,
				0.0215687,					-0.316787,					0.20276,					1
			]
			,"mesh": 134
			,"name": "Retainer Flange-1"		}
,
		{
			"matrix": [
				0.918365,					0,					-0.395734,					0,
				0.395734,					0,					0.918365,					0,
				1.21431e-17,					-1,					0,					0,
				-0.0229614,					-0.315364,					0.190828,					1
			]
			,"mesh": 135
			,"name": "6-32 Socket Head-3"		}
,
		{
			"matrix": [
				0.8,					-2.77556e-17,					-0.6,					0,
				0.6,					-5.55112e-17,					0.8,					0,
				-2.08167e-17,					-1,					0,					0,
				-0.0229614,					-0.315364,					0.214692,					1
			]
			,"mesh": 136
			,"name": "6-32 Socket Head-4"		}
,
		{
			"matrix": [
				1,					0,					0,					0,
				0,					1,					0,					0,
				0,					0,					1,					0,
				0.0215687,					-0.315199,					0.20276,					1
			]
			,"mesh": 137
			,"name": "Motor Tube-1"		}
,
		{
			"matrix": [
				0,					-1,					0,					0,
				1,					0,					0,					0,
				0,					0,					1,					0,
				-0.0203413,					0.0640228,					0.20276,					1
			]
			,"mesh": 138
			,"name": "Alignment Pin-1"		}
,
		{
			"matrix": [
				0,					-0.959125,					-0.282984,					0,
				1,					7.28584e-17,					-5.55112e-17,					0,
				1.11022e-16,					-0.282984,					0.959125,					0,
				-0.0203413,					-0.313421,					0.20276,					1
			]
			,"mesh": 139
			,"name": "Alignment Pin-3"		}
,
		{
			"matrix": [
				5.55112e-17,					0,					1,					0,
				0,					1,					0,					0,
				-1,					0,					5.55112e-17,					0,
				0.0215687,					-0.316787,					0.20276,					1
			]
			,"mesh": 140
			,"name": "Aft Centering Ring-1"		}
,
		{
			"matrix": [
